1	29128
2	25671
3	25170
4	24892
5	24758
6	24585
7	24450
8	24262
9	24234
10	24158
11	24096
12	24005
13	23994
14	23880
15	23812
16	23810
17	23722
18	23735
19	23643
20	23560
21	23627
22	23615
23	23568
24	23502
25	23512
26	23498
27	23467
28	23524
29	23514
30	23449
31	23540
32	23475
33	23541
34	23566
35	23550
36	23597
37	23641
38	23661
39	23694
40	23716
41	23727
42	23725
43	23769
44	23778
45	23855
46	23849
47	23877
48	23911
49	23995
50	24013
51	24046
52	24114
53	24151
54	24215
55	24196
56	24307
57	24304
58	24335
59	24423
60	24521
61	24592
62	24585
63	24638
64	24714
65	24760
66	24850
67	24851
68	24928
69	24942
70	24965
71	25094
72	25123
73	25195
74	25345
75	25304
76	25435
77	25424
78	25463
79	25476
80	25550
81	25609
82	25662
83	25781
84	25846
85	25886
86	25987
87	26037
88	26117
89	26174
90	26193
91	26332
92	26378
93	26463
94	26532
95	26537
96	26654
97	26661
98	26704
99	26853
100	26852
