1	281003
2	223957
3	223684
4	223257
5	223403
6	225836
7	246010
8	240272
9	224666
10	223471
11	230371
12	224712
13	223934
14	223147
15	223398
16	223768
17	223661
18	223368
19	223682
20	223535
21	223832
22	223469
23	223460
24	223859
25	223229
26	223651
27	223761
28	223463
29	224487
30	223691
31	223380
32	223676
33	223375
34	223447
35	223598
36	223630
37	223555
38	226609
39	224512
40	224250
41	223584
42	223415
43	224164
44	223307
45	223437
46	224060
47	223609
48	223751
49	223803
50	223858
51	223499
52	223221
53	223287
54	223454
55	223617
56	223578
57	223211
58	223608
59	223588
60	223385
61	223426
62	223508
63	223331
64	223718
65	224928
66	223422
67	223729
68	223364
69	223502
70	223391
71	223344
72	223492
73	223778
74	223800
75	223548
76	223836
77	224816
78	223573
79	223345
80	223283
81	223875
82	223972
83	224115
84	224125
85	223492
86	223285
87	223981
88	223525
89	223226
90	223391
91	226511
92	227824
93	223295
94	223693
95	223680
96	223685
97	223356
98	223938
99	224395
100	223820
