1	6907
2	6781
3	6766
4	5711
5	5429
6	5424
7	5416
8	5438
9	5413
10	5419
11	5413
12	5412
13	5411
14	5412
15	5481
16	5412
17	5438
18	5407
19	5422
20	5407
21	5415
22	5415
23	5407
24	5473
25	5407
26	5442
27	5407
28	5417
29	5407
30	5423
31	5410
32	5411
33	5407
34	5408
35	5454
36	5405
37	5429
38	5404
39	5419
40	5402
41	5416
42	5402
43	5408
44	5407
45	5408
46	5460
47	5412
48	5426
49	5396
50	5418
51	5396
52	5407
53	5396
54	5393
55	5459
56	5394
57	5429
58	5394
59	5403
60	5391
61	5406
62	5393
63	5395
64	5388
65	5389
66	5428
67	5385
68	5401
69	5382
70	5393
71	5388
72	5388
73	5385
74	5377
75	5448
76	5379
77	5417
78	5376
79	5389
80	5377
81	5389
82	5376
83	5376
84	5373
85	5371
86	5406
87	5369
88	5394
89	5366
90	5386
91	5369
92	5378
93	5365
94	5361
95	5426
96	5361
97	5390
98	5367
99	5380
100	5351
