1	24322
2	23766
3	23234
4	22968
5	22782
6	22616
7	22504
8	22369
9	22301
10	22234
11	22152
12	22146
13	22067
14	22034
15	21982
16	21904
17	21878
18	21827
19	21763
20	21748
21	21686
22	21659
23	21585
24	21561
25	21506
26	21521
27	21549
28	21532
29	21469
30	21506
31	21498
32	21450
33	21458
34	21497
35	21463
36	21459
37	21524
38	21475
39	21457
40	21464
41	21492
42	21517
43	21502
44	21544
45	21530
46	21560
47	21646
48	21658
49	21710
50	21715
51	21750
52	21772
53	21766
54	21875
55	21794
56	21890
57	21875
58	22017
59	22000
60	21985
61	22058
62	22133
63	22178
64	22152
65	22190
66	22219
67	22228
68	22318
69	22347
70	22327
71	22390
72	22460
73	22482
74	22495
75	22570
76	22701
77	22615
78	22672
79	22731
80	22764
81	22808
82	22889
83	22892
84	22934
85	22990
86	22997
87	23025
88	23079
89	23142
90	23169
91	23205
92	23346
93	23370
94	23426
95	23411
96	23487
97	23531
98	23607
99	23654
100	23687
