1	22251
2	17775
3	16884
4	16029
5	15961
6	15546
7	14844
8	14808
9	14851
10	14819
11	14819
12	14588
13	13962
14	13957
15	14037
16	14025
17	13958
18	13947
19	13983
20	13959
21	14057
22	14026
23	13960
24	13977
25	13383
26	13500
27	13473
28	13400
29	13402
30	13400
31	13397
32	13444
33	13457
34	13446
35	13458
36	13455
37	13404
38	13446
39	13402
40	13710
41	13388
42	13417
43	13378
44	13386
45	13430
46	13399
47	13426
48	13396
49	13401
50	13347
51	13374
52	13373
53	13351
54	13335
55	13328
56	13397
57	13344
58	13331
59	13349
60	13349
61	13369
62	13416
63	13446
64	13345
65	13398
66	13415
67	13347
68	13337
69	13337
70	13338
71	13333
72	13375
73	13358
74	13354
75	13459
76	13443
77	13340
78	13343
79	13369
80	13339
81	13472
82	13351
83	13339
84	13791
85	13338
86	13449
87	13393
88	13350
89	13437
90	13446
91	13371
92	13348
93	13354
94	13344
95	13343
96	13347
97	13343
98	14108
99	14266
100	14239
