1	24729
2	22272
3	22834
4	22980
5	22960
6	22544
7	20941
8	19476
9	19277
10	19274
11	19278
12	19140
13	18468
14	18453
15	18487
16	18472
17	18494
18	18527
19	18538
20	18501
21	18464
22	18504
23	18553
24	18479
25	18079
26	18041
27	18058
28	18079
29	18367
30	18124
31	18358
32	18056
33	18063
34	18047
35	18083
36	18050
37	18061
38	18134
39	18152
40	18054
41	18037
42	18040
43	18032
44	18043
45	18043
46	18037
47	18143
48	18029
49	18426
50	18649
51	18658
52	18618
53	18647
54	18746
55	18776
56	18737
57	18615
58	18644
59	18611
60	18619
61	18640
62	18671
63	18946
64	18619
65	18623
66	18647
67	18618
68	18615
69	18617
70	18637
71	18636
72	18617
73	18648
74	18620
75	18640
76	18660
77	18660
78	18647
79	18647
80	18652
81	18684
82	18736
83	18715
84	18625
85	18628
86	18937
87	18757
88	18649
89	18619
90	18626
91	18657
92	18757
93	18638
94	18945
95	18718
96	18651
97	18617
98	20735
99	21163
100	21167
