1	15287
2	13478
3	12653
4	11816
5	11789
6	11513
7	11083
8	11094
9	11151
10	11097
11	11076
12	11137
13	11092
14	11059
15	11057
16	11060
17	11054
18	11211
19	11076
20	11059
21	11056
22	11061
23	11062
24	11215
25	12268
26	12265
27	12265
28	12262
29	12262
30	12269
31	12266
32	12264
33	12266
34	12290
35	12286
36	12267
37	12273
38	12266
39	12278
40	12265
41	12257
42	12261
43	12264
44	12357
45	12263
46	12329
47	12945
48	12273
49	14468
50	15546
51	15516
52	15550
53	15512
54	15511
55	15564
56	15613
57	15517
58	15518
59	15518
60	15516
61	15538
62	15512
63	15591
64	15671
65	15562
66	15519
67	15539
68	15539
69	15513
70	15538
71	15540
72	15519
73	15511
74	15570
75	15655
76	15553
77	15513
78	15551
79	15632
80	15616
81	15587
82	15518
83	15551
84	15519
85	15947
86	15645
87	15509
88	15572
89	15513
90	15520
91	15519
92	15510
93	15543
94	15545
95	15592
96	15586
97	15550
98	21363
99	22481
100	22460
