1	28769
2	21956
3	12021
4	11024
5	11376
6	10539
7	9836
8	9832
9	9859
10	9832
11	9831
12	9602
13	8928
14	8926
15	8932
16	8923
17	8924
18	8932
19	8928
20	8924
21	8924
22	8927
23	8938
24	8897
25	8343
26	8294
27	8228
28	8256
29	8226
30	8227
31	8226
32	8231
33	8228
34	8226
35	8227
36	8229
37	8228
38	8228
39	8248
40	8236
41	8238
42	8237
43	8228
44	8225
45	8279
46	8231
47	8256
48	8228
49	7741
50	7492
51	7493
52	7497
53	7493
54	7532
55	7519
56	7501
57	7518
58	7779
59	7553
60	7524
61	7646
62	7530
63	7495
64	7496
65	7490
66	7493
67	7516
68	7497
69	7493
70	7517
71	7517
72	7491
73	7490
74	7493
75	7492
76	7492
77	7541
78	7503
79	7501
80	7498
81	7522
82	7497
83	7493
84	7490
85	7491
86	7516
87	7493
88	7495
89	7491
90	7489
91	7499
92	7518
93	7521
94	7492
95	7520
96	7497
97	7491
98	6889
99	6778
100	6776
